
[[ 1  2  2  2  2  9  9  9 10 12 12 12 15 16 16 19 20 20 20 20 28 29 29]
 [ 1  0  0  0  2  9  9  9 10  0  0  0 15 16 16 19 20  0  0  0 28 29 29]
 [ 1  0  0  0  2  9  9  9 10  0  0 14 15 16 16 19 20  0 23 23 28 29 29]
 [ 1  0  0  0  0  9  9  9 10 13 14 14 15 16 16 19  0  0  0  0 28 29 29]
 [ 1  3  3  5  5  9  9  9 10 13 14 14 15 16 16 19  0  0 21 21 28 29 29]
 [ 1  3  3  5  5  9  9  9  0  0 14 14 15 16 16 19 21 21 21 21  0 29 29]
 [ 1  3  3  5  5  9  9  9 11 11 14 14 15 16 16 19 21 21 21  0  0 29 29]
 [ 1  3  3  0  0  9  9  9 11 11 14 14 15  0  0 19 21 21 21  0  0 29 29]
 [ 1  3  3  6  6  9  9  9 11 11 14 14 15  0  0 19 21 21 21  0 24 29 29]
 [ 1  0  0  0  0  9  9  9 11 11 14 14 15 17 17 19  0  0  0  0 24 29 29]
 [ 1  4  4  7  7  9  9  9 11 11 14 14 15 17 17 19  0  0 22 24 24 29 29]
 [ 1  4  4  7  7  9  9  9 11 11 14 14 15 17 17 19 22 22 22 24  0 29 29]
 [ 1  4  4  7  7  9  9  9 11 11 14 14 15 17 17 19 22 22 22  0  0 29 29]
 [ 1  4  4  7  7  9  9  9 11 11 14 14 15 17 17 19 22 22 22 25  0 29 29]
 [ 1  4  4  7  7  9  9  9 11 11 14 14 15 17 17 19 22 22 22  0  0 29 29]
 [ 1  4  4  7  7  9  9  9 11 11 14 14 15 17 17 19 22 22 22 26  0 29 29]
 [ 1  4  4  7  7  9  9  9 11 11 14 14 15 17 17 19 22 22 22  0  0 29 29]
 [ 1  4  4  0  0  9  9  9 11 11 14 14 15  0  0 19 22 22 22  0  0 29 29]
 [ 1  4  4  8  8  9  9  9 11 11 14 14 15  0  0 19 22 22 22  0 27 29 29]
 [ 1  4  4  8  8  9  9  9 11 11 14 14 15 18 18 19 22 22 22 27 27 29 29]]